919 1 Физическая культура 1,2,3,4,5,6 2 72 72 26 46
802 2 Теория функций комплексного переменного 6 3 108 50 26 24 58
501 3 Основы менеджмента 7 2 72 34 18 16 38
920 4 Основы психологии 3 2 72 34 18 16 38
920 5 Социология 4 2 72 34 18 16 38
515 6 Правоведение 1 2 72 34 18 16 38
507 7 Экономическая теория 2 2 72 34 18 16 38
И-13 8 Иностранный язык 1,2,3,4 9 324 210 210 114
917 9 Философия 2 2 72 32 24 8 40
918 10 История России 1,2 4 144 112 64 48 32
806 11 Архитектура компьютера и информационных систем1 4 144 66 30 36 42 36
806 12 Фундаментальная информатика 1 1 4 144 66 30 36 78
805 13 Линейная алгебра и аналитическая геометрия 1,2 2 7 252 124 62 62 56 72
802 14 Математический анализ 1,2,3,4 16 576 280 150 130 152 144
805 15 Дискретная математика 1,2 2 9 324 136 68 68 116 72
806 16 Алгоритмы и структуры данных 2 3 108 52 24 28 20 36
802 17 Дифференциальные уравнения 3 5 180 86 50 36 58 36
806 18 Операционные системы 3 4 144 36 20 16 108
804 19 Теория вероятностей и математическая статистика 4,5 6 216 116 56 60 100
805 20 Математическая логика 5 3 108 54 18 36 18 36
806 21 Основы криптографии 5 5 5 180 78 34 44 66 36
806 22 Искусственный интеллект в задачах анализа данных6 6 4 144 54 26 28 54 36
806 23 Численные методы 5 5 4 144 54 30 24 54 36
614 24 Безопасность жизнедеятельности 5 2 72 42 26 16 30
614 25 Спецглавы безопасности жизнедеятельности 5 2 72 42 16 26 30
915 26 Общая физика 4 3 8 288 144 60 52 32 108 36
806 27 Концепции машинного обучения 5 3 108 62 30 32 46
917 28 Основы российской государственности 1 2 72 54 18 36 18
806 29 Системное программирование 4 4 5 180 50 18 32 94 36
806 30 Практикум программирования 2 3 108 52 24 28 56
806 31 Компьютерные сети 7 7 5 180 88 34 18 36 56 36
806 32 Компьютерная графика 5 3 108 64 32 32 44
802 33 Уравнения математической физики 8 7 8 7 252 84 44 40 132 36
805 34 Методы оптимизации информационных систем 7 3 108 54 18 36 54
806 35 Введение в авиационную и ракетно-космическую технику 1 2 72 34 34 38
806 36 Фундаментальные алгоритмы 4 3 4 9 324 122 54 68 166 36
805 37 Теория графов 5 3 108 54 26 28 18 36
806 38 Нереляционные модели и базы данных 7 3 108 54 18 36 54
806 39 Теория автоматов и формальных языков 7 7 4 144 56 20 36 52 36
806 40 Параллельные и распределенные вычисления 6 2 72 50 18 32 22
806 41 Разработка Web-приложений 6 3 108 56 32 24 16 36
919 42 Физическая культура (спортивные секции) 328 328 328
806 43.1 Проектирование высоконагруженных сервисов 6 6 4 144 50 34 16 58 36
806 43.2 Языки и методы программирования 6 6 4 144 50 34 16 58 36
806 44.1 Практикум IT-разработки 6 5 6 216 94 62 32 86 36
806 44.2 Технология программирования 6 5 6 216 94 62 32 86 36
806 45.1 Компьютерное моделирование 8 2 72 30 14 16 42
806 45.2 Математическое моделирование 8 2 72 30 14 16 42
806 46.1 Компьютерная математика 7 3 108 52 16 36 56
806 46.2 Компьютерная алгебра 7 3 108 52 16 36 56
806 47.1 Разработка сетевых приложений 7,8 4 144 58 58 86
806 47.2 Методика преподавания компьютерных наук 7,8 4 144 58 58 86
806 48.1 Программная инженерия 8 8 3 108 26 14 12 46 36
806 48.2 Социально-этические вопросы ИТ 8 8 3 108 26 14 12 46 36
806 49.1 Реляционные базы данных 6 2 72 42 14 28 30
806 49.2 Математические пакеты прикладных программ 6 2 72 42 14 28 30
806 50.1 Методология командной разработки программных продуктов 8 3 108 40 16 24 32 36
806 50.2 Коллективная разработка программного обеспечения 8 3 108 40 16 24 32 36
806 51.1 Неклассические логики 7 3 108 52 16 36 20 36
806 51.2 Введение в нейросетевое моделирование 7 3 108 52 16 36 20 36
806 52.1 Разработка IT-проектов 2,3,4 3 7 252 112 56 56 140
806 52.2 Компьютерный практикум 2,3,4 3 7 252 112 56 56 140
806 Вычислительная практика 4 3 108 30 30 78
806 Ознакомительная практика 2 3 108 30 30 78
806 Исследовательская практика 6 6 216 60 60 156
806 Преддипломная практика 8 9 324 90 90 234
806 Итоговая гос. аттестация 8 9 324 25 25 299
806 Подготовка к процедуре защиты выпускной квалификационной работы, процедура защиты выпускной квалификационной работы 8 9 324 25 25 299