1 Основы российской государственности 1 2 72 54 18 36 18
805 2 Методы оптимизации 4 3 108 52 28 24 56
802 3 Основы компьютерного моделирования динамических систем 3 2 72 34 22 12 38
806 4 Функциональное и логическое программирование 4 3 4 6 216 98 46 52 82 36
806 5 Объектно-ориентированное программирование 3 3 3 108 52 24 28 56
806 6 Уравнения математической физики 6 3 108 48 32 16 60
501 7 Основы менеджмента 6 2 72 34 18 16 38
806 8 Базы данных 6 5 6 7 252 116 56 60 100 36
915 9 Общая физика 4 3 8 288 144 60 52 32 108 36
920 10 Социология 4 2 72 34 18 16 38
И-13 11 Иностранный язык 1,2,3,4 9 324 210 210 114
918 12 История России 1,2 4 144 112 64 48 32
917 13 Философия 2 2 72 32 24 8 40
507 14 Экономическая теория 2 2 72 34 18 16 38
806 15 Архитектура компьютера и информационных систем1 3 108 66 30 36 6 36
806 16 Фундаментальная информатика 1 1 4 144 66 30 36 78
805 17 Линейная алгебра и аналитическая геометрия 1,2 2 7 252 122 60 62 58 72
804 18 Математический анализ 1,2,3,4 16 576 276 148 128 156 144
805 19 Дискретная математика 1,2 2 9 324 136 68 68 116 72
806 20 Алгоритмы и структуры данных 2 4 144 52 24 28 56 36
806 21 Практикум программирования 2 3 108 52 24 28 56
802 22 Дифференциальные уравнения 3 5 180 84 50 34 60 36
806 23 Операционные системы 3 3 3 108 52 24 28 56
804 24 Теория вероятностей и математическая статистика 4,5 5 180 86 42 44 94
806 25 Глубокое обучение и искусственный интеллект 6 4 144 68 32 36 40 36
806 26 Численные методы 7 6 7 7 252 120 64 56 96 36
614 27 Безопасность жизнедеятельности 5 2 72 42 26 16 30
515 28 Правоведение 1 2 72 34 18 16 38
806 29 Введение в авиационную и ракетно-космическую технику 1 2 72 30 30 42
920 30 Основы психологии 3 2 72 34 18 16 38
614 31 Спецглавы безопасности жизнедеятельности 5 2 72 42 16 26 30
919 32 Физическая культура 1,2,3,4,5,6 2 72 72 26 46
804 33 Функциональный анализ 6 3 108 52 26 26 20 36
806 34 Компьютерная графика 5 3 108 52 24 28 56
805 35 Теория игр и динамическое программирование 5 3 108 52 32 20 20 36
806 36 Математическое моделирование 7 3 108 52 24 28 56
806 37 Разработка IT-проектов 2,3,4 6 216 94 94 122
806 38 Программирование на языке Python 5 3 108 52 24 28 20 36
806 39 Машинное обучение 5 4 144 66 22 44 42 36
806 40 Практикум IT-разработки 5,6,7,8 8 288 108 108 180
806 41.1 Дискретный анализ 5 4 5 7 252 116 52 64 100 36
806 41.2 Фундаментальные алгоритмы 5 4 5 7 252 116 52 64 100 36
806 42.1 Анализ больших данных 6 6 2 72 50 22 28 22
806 42.2 Обработка естественноязыковых текстов 6 6 2 72 50 22 28 22
806 43.1 Информационная безопасность и криптография 6 3 108 50 22 28 22 36
806 43.2 Компьютерная алгебра 6 3 108 50 22 28 22 36
806 44.1 Программная инженерия 7 3 108 48 24 24 60
806 44.2 Функциональное программирование 7 3 108 48 24 24 60
806 45.1 Информационный поиск 7 4 144 62 30 32 46 36
806 45.2 Проектирование баз данных 7 4 144 62 30 32 46 36
806 46.1 Технологии параллельного программирования 7 7 5 180 62 30 32 118
806 46.2 Распределенные базы данных 7 7 5 180 62 30 32 118
806 47.1 Прикладные системы и фреймворки искусственного интеллекта 7 3 108 48 24 24 60
806 47.2 Искусственный интеллект 7 3 108 48 24 24 60
919 48 Физическая культура (спортивные секции) 328 328 328
806 49.1 Программирование графических процессоров 7 3 108 48 24 24 24 36
806 49.2 Распределённые базы данных 7 3 108 48 24 24 24 36
806 50.1 Цифровое искусство и дизайн 7 3 108 48 24 24 24 36
806 50.2 Математическое моделирование и вычислительный эксперимент (дополнительные главы) 7 3 108 48 24 24 24 36
806 51.1 Киберфизические системы 8 3 108 44 20 24 64
806 51.2 Уравнения математической физики (дополнительные главы) 8 3 108 44 20 24 64
806 52.1 Программирование игр 8 3 108 44 20 24 28 36
806 52.2 Графическое программирование 8 3 108 44 20 24 28 36
806 53.1 Сетевые технологии 8 3 108 44 20 24 28 36
806 53.2 Программирование интеллектуальных систем 8 3 108 44 20 24 28 36
806 54.1 Облачные технологии 8 4 144 44 20 24 64 36
806 54.2 Математическая экономика 8 4 144 44 20 24 64 36
806 Ознакомительная практика 2 3 108 30 30 78
806 Технологическая (проектно-технологическая) практика 4 3 108 30 30 78
806 Научно-исследовательская работа (получение первичных навыков научно-исследовательской работы) 6 3 108 30 30 78
806 Преддипломная практика 8 6 216 60 60 156
806 Итоговая гос. аттестация 8 9 324 25 25 299
806 Подготовка к процедуре защиты выпускной квалификационной работы, процедура защиты выпускной квалификационной работы 8 9 324 25 25 299