Алиев			Фарид	Шахинович	+++222+++22+++122+222++			0(3)2(2)2(2)1(3)0(3)0(3)0(1)2(3)		40		74
Сурин			Тимофей	Максимович	+++121+++22+++022+122++			0(3)2(2)2(2)0(3)0(3)0(3)0(1)2(3)		35		64
Савельев			Владимир	Дмитриевич	-+-220++-02+++112+101++			0(3)0(2)1(2)0(3)0(3)0(3)0(1)0(3)		22		49
Петров			Владимир	Валерьевич	+++001-++20--+110+010--			0(3)0(2)0(2)0(3)0(3)0(3)0(1)0(3)		13		40
Мощик			Матвей	Григорьевич	+--102-++11--+111+120--			0(3)2(2)0(2)0(3)0(3)0(3)0(1)0(3)		18		45
Миронова			Анна	Олеговна	+++222+++22-++112+222++			0(3)2(2)2(2)0(3)0(3)0(3)0(1)0(3)		35		64
Меркулова			Ника	Олеговна	+++221++-12-++012+212++			0(3)2(2)1(2)0(3)0(3)0(3)0(1)0(3)		29		57
Кречетов			Александр	Федорович	+++222+++22---012-212-+			0(3)0(2)0(2)0(3)0(3)0(3)0(1)0(3)		25		53
Киреева			Виталина	Васильевна	+-+111-+-10-++000+111-+			0(3)0(2)0(2)0(3)0(3)0(3)0(1)0(3)		14		41
Карпушин			Егор	Ильич	+++222-++22-++110+212+-			0(3)2(2)0(2)0(3)0(3)0(3)0(1)0(3)		28		56
Хлоян			Сурик	Арменович	+++212+++20+++111+011++			0(3)0(2)0(2)0(3)0(3)0(3)0(1)0(3)		24		52
Исакин			Егор	Олегович	+-+221-++21+++112+111-+			1(3)0(2)1(2)0(3)0(3)0(3)0(1)0(3)		26		54
Загибалов			Артём	Павлович	+-+122+++22+++122+221++			0(3)2(2)2(2)2(3)0(3)0(3)0(1)0(3)		36		66
Завалишина			Ксения	Валерьевна	+++212+++22+-+212+212++			0(3)2(2)2(2)1(3)0(3)0(3)0(1)0(3)		35		64
Жилина			Карина	Эдуардовна	+++211+++22--+112-112++			0(3)2(2)1(2)0(3)0(3)0(3)0(1)0(3)		28		56
Ершов			Илья	Борисович	+++112+-+21-++120+121++			0(3)2(2)2(2)0(3)0(3)0(3)0(1)0(3)		28		56
Диденко			Марк	Вадимович	+++221++-21+++112+122++			0(3)1(2)0(2)0(3)0(3)0(3)0(1)0(3)		29		57
Дивянин			Степан	Алексеевич	+++212+++22+++122+222++			1(3)2(2)1(2)1(3)0(3)0(3)0(1)0(3)		37		68
Григорьев			Даниил	Сергеевич	+-+222+++22+++112+212++			0(3)1(2)0(2)0(3)0(3)0(3)0(1)0(3)		31		59
Горбунов			Валерий	Дмитриевич	+++222+++12+-+112+222++			1(3)2(2)2(2)1(3)0(3)0(3)0(1)1(3)		37		68
Говричев			Игорь	Николаевич	+-+202+++22+++121+112++			0(3)2(2)0(2)0(3)0(3)0(3)0(1)0(3)		29		57
Воронцов			Алексей	Дмитриевич	-+-001-+-01++-021-011++			0(3)0(2)0(2)0(3)0(3)0(3)0(1)0(3)		13		40
Васильева			Марина	Вадимовна	-++212+++22+++001+112++			0(3)2(2)1(2)0(3)0(3)0(3)0(1)0(3)		28		56
Заика			Ксения	Романовна	+-+112+++21+++012+122++			0(3)0(2)1(2)1(3)0(3)0(3)0(1)0(3)		28		56
Шульгина			Анна	Юрьевна	+-+102-+-21-++202+111-+			0(3)0(2)2(2)0(3)0(3)0(3)0(1)0(3)		22		49